    0.245819166731199807E-36    0.551221736838360903E+04    0.662020600344273547E+01   -0.534678704461196261E+02    0.685138463849491036E-01    0.509059533965564042E+05    0.221263284161092088E+04    0.485620648065512705E+04    0.729214288759176125E+05   -0.452206141581959128E+04    0.584126068787404256E+04    0.775054683972162748E+05   -0.713709244120451149E+04    0.583339626482792937E+04
    0.462901019869158258E-49    0.557081874664100906E+04    0.640157575845789140E+01   -0.529938489391267424E+02    0.781302472946778931E-01    0.558371161714292975E+05   -0.165082141937314645E+03    0.186226575109966552E+04    0.648588297744235679E+05   -0.521691935984895372E+04   -0.602628499693879075E+04    0.764092250548428128E+05   -0.448412386739377325E+04    0.241592372012152828E+04
    0.107844468272856341E-64    0.564280994577216097E+04    0.905025695095323002E+01    0.250692526290474405E+01    0.786771993625888649E-01    0.408997264123839195E+05   -0.508061134398087324E+04    0.334120920607901235E+04    0.896128347659766296E+05   -0.365168883200740447E+04    0.109336248051743605E+05    0.569226389414927544E+05   -0.189951868254071815E+04   -0.250814913132273978E+04
    0.878419790208487435E-02    0.535309452520139621E+04    0.821846808141079599E+01    0.251572090577059271E+01    0.912292215138050533E-01    0.513387523538743844E+05   -0.290463030127723414E+03   -0.209071064170629734E+04    0.978364775597829284E+05    0.136613932535771528E+04    0.120973396642313164E+05    0.594646468780623909E+05    0.194965613544617463E+04    0.314040188606057745E+04
    0.329670689812036747E-42    0.553926139334848267E+04    0.817117467050705315E+01   -0.232891631867963298E+02    0.722275855947279444E-01    0.456528821099559864E+05    0.513053754342293178E+04    0.413516252452729532E+04    0.806339492165895354E+05   -0.942201328536808433E+03    0.509432248900041304E+04    0.520243622368711294E+05   -0.224418449173392310E+04   -0.191405600297524370E+04
    0.179850429004264548E-12    0.540231822515098611E+04    0.724864057919251081E+01   -0.228797867347436750E+02    0.506002054476308444E-01    0.533436747472623974E+05   -0.567068063532214910E+04   -0.214573131890549575E+04    0.649260507841070430E+05   -0.507796492751925962E+04    0.486438605190582166E+04    0.575614822215109016E+05   -0.151734548634317571E+04    0.103452725004777176E+04
    0.613563261472414906E-64    0.563933275918429536E+04    0.897074708438305990E+01   -0.231524463294083489E+02    0.334544843297138600E-01    0.564756290272659680E+05    0.525803141155794219E+04    0.428210531055750471E+04    0.496555520484125445E+05    0.975606813939321000E+02    0.196135304191782393E+04    0.490799958902853978E+05    0.376261927274449772E+04    0.164640802207452862E+04
    0.931714860556890672E-13    0.540363359279940778E+04    0.857693691601011921E+01   -0.232482089363026887E+02    0.691091489269855808E-01    0.711509969428359473E+05    0.555769933181521628E+04    0.256482880911528900E+04    0.310496446691519122E+05   -0.288143620299666645E+04    0.211114275301108728E+04    0.385248797703214805E+05   -0.251670272755713768E+04    0.261030806742691129E+04
    0.155785108534891014E-44    0.554997096711713311E+04    0.920107958321127839E+01   -0.228803324243913835E+02    0.518708695622371249E-01    0.554724743732881470E+05    0.289551620922028451E+04    0.293290509092695811E+04    0.629702418637029186E+05    0.581022997029999715E+02    0.376121469994293284E+04    0.572506393154228790E+05   -0.272314857098085758E+04    0.257020009993330859E+04
    0.495868022556068844E-38    0.552002428148211948E+04    0.815734061055159287E+01   -0.534781360094085372E+02    0.745450580012789465E-01    0.605854219027127692E+05    0.636837901880385925E+04    0.343743600054524586E+04    0.655342016934701387E+05   -0.125335120595142007E+04    0.806291725062631485E+04    0.591798314416583671E+05   -0.222251779961248849E+04    0.678381400138666777E+03
    0.799312126222382360E-97    0.579077443903980202E+04    0.923801172855108099E+01   -0.228500673087325197E+02    0.605504764877262541E-01    0.576180148460850323E+05   -0.134070944975396742E+04    0.119466429523863712E+04    0.737489045274341770E+05   -0.951231141726591886E+03    0.643527296976665002E+04    0.711596231244173687E+05   -0.632248870428981354E+04    0.502630624484163309E+04
    0.952788001522101191E+00    0.534372164917989448E+04    0.769153538981102347E+01   -0.232912162413813775E+02    0.849667908344077377E-01    0.901333604290887888E+05   -0.819550935074449626E+03   -0.284372574689700832E+04    0.378740853241379227E+05    0.391597084926232901E+04   -0.167404042980737495E+04    0.342292511487219017E+05    0.846665387970139250E+03   -0.278459423820913617E+04
    0.791398904786960392E-17    0.542238072290177934E+04    0.810206211955106070E+01   -0.537578897823733755E+02    0.157453549193602577E+00    0.488574817868775281E+05   -0.448909046783901886E+03   -0.106760822611976664E+04    0.441716769593856079E+05    0.172657999165196497E+04   -0.358677829547977944E+04    0.655596454478081432E+05    0.387702248205821616E+04    0.215369882270060498E+04
    0.162172042349619914E-86    0.574330775450200690E+04    0.962094030996587790E+01   -0.233027239384758076E+02    0.921493728331697626E-01    0.797621289172264951E+05   -0.675447217600052045E+04    0.352528547327082288E+04    0.759034145170241682E+05   -0.343825717883534253E+04   -0.631572301425232672E+04    0.610064850385747341E+05    0.711224570708660849E+04   -0.300739020139265176E+04
    0.384278005754990215E-01    0.535014287168815281E+04    0.759486544155059384E+01   -0.227603686773626634E+02    0.104871917378590362E+00    0.638882884135818094E+05    0.207236633834490840E+04    0.337427892318050453E+04    0.423131821134115817E+05    0.450605856895382885E+03   -0.242735313321619833E+04    0.412021262197144824E+05   -0.590057661587066718E+03   -0.369939236693832208E+04
    0.143008832130969390E-44    0.555014210943055969E+04    0.888949990245501631E+01   -0.227657822678593504E+02    0.102483162822663884E+00    0.407215016828768639E+05   -0.372189369688537363E+04   -0.432597623676087005E+04    0.610328413643052481E+05   -0.107774590759965849E+04   -0.645496891811037312E+04    0.538276676488681915E+05    0.403106765914175958E+04   -0.315660669353800859E+04
    0.316362058519473954E-52    0.558539550907643843E+04    0.720190643968479183E+01   -0.528495189085653507E+02    0.132027694539414459E+00    0.653835577967314166E+05   -0.830639070645770062E+03   -0.174109998135777687E+04    0.401889838533261791E+05    0.491176048335942323E+04   -0.132372240011621102E+04    0.526482618535725924E+05   -0.284576898685333163E+03   -0.112800374978921218E+04
    0.479911834720976039E-58    0.561219309999867255E+04    0.887336685193396590E+01   -0.529549268529022470E+02    0.946938938992974988E-01    0.565808658308684680E+05    0.344201186820952262E+04   -0.407286579951134263E+04    0.524948219410572638E+05   -0.566994653591200859E+03    0.524498728857902461E+04    0.726674934212993248E+05    0.305849005557541932E+04    0.182148845955310026E+04
    0.135087028186203118E-68    0.566078016822934660E+04    0.618669596033888336E+01   -0.234461381261747732E+02    0.122670730502989114E+00    0.604150447750754320E+05    0.292359037056627358E+04   -0.684311629755877493E+04    0.564613883408595430E+05    0.338423290628864743E+04    0.583423780480731875E+04    0.522497711223268707E+05   -0.109948287833432187E+04   -0.322569672064531551E+04
    0.152798711403523195E-45    0.555461484951261264E+04    0.704752940240507808E+01   -0.227036460926933898E+02    0.112407574688535128E+00    0.613773386328709021E+05    0.644262592042989127E+04   -0.113498359025792843E+04    0.637969828506067643E+05    0.152212491012223836E+03    0.111468533378468419E+04    0.496108420360526216E+05    0.402171162093899284E+04   -0.172907542245804962E+03
    0.301266046997639023E-44    0.554865193471071598E+04    0.867405249247460119E+01   -0.227556994306221725E+02    0.103558069419883686E+00    0.471919183698034540E+05   -0.315341380471152024E+04   -0.565951124779939073E+04    0.555399536476120047E+05   -0.343898659888902239E+04   -0.572386304992596615E+04    0.684691169845809636E+05    0.569113804903156051E+04    0.355781046291397615E+03
    0.311899542174573165E-63    0.563608079343583995E+04    0.909489902539969641E+01   -0.234515893344208166E+02    0.131346884032138567E+00    0.554705298498770135E+05   -0.634393518465018133E+03    0.373248282672029018E+04    0.755903489168993983E+05    0.804180206683338292E+04   -0.298592312920970835E+04    0.589753554696853826E+05    0.277574489868595811E+04   -0.638105122851854048E+03
    0.467103405424014627E-62    0.563066788424526021E+04    0.941916618918295612E+01   -0.227127365962243601E+02    0.115829759580579145E+00    0.512499489416091164E+05   -0.590814837813027862E+04    0.117562630256060197E+04    0.846535119597748126E+05   -0.191618558268749598E+04   -0.751326539659412902E+04    0.696944895372810715E+05    0.525033342285800700E+04   -0.110056186657883063E+04
    0.532822186198008539E-94    0.577777005599473432E+04    0.955607492674794656E+01   -0.227463839440998470E+02    0.118851362581154363E+00    0.381803722070857912E+05   -0.202332454673853681E+04    0.205484275021174199E+04    0.603132324821824150E+05    0.632341252978027114E+04   -0.522213159326211462E+04    0.744044732399939676E+05   -0.210187025224494391E+03   -0.536183377809229114E+04
    0.159285935412061462E-63    0.563742475390119580E+04    0.938537767108860521E+01   -0.226716605908418245E+02    0.129398208324627256E+00    0.514389311297846143E+05   -0.571389661848531432E+03    0.298658154275274183E+04    0.792663071675219835E+05    0.982124323944342359E+04   -0.122722113960797287E+04    0.387198202485703805E+05   -0.216341679108706376E+04   -0.443229425247118161E+04
    0.349085332949286666E-71    0.567269688443658379E+04    0.935329784285608135E+01   -0.234125447654565590E+02    0.131415837486145104E+00    0.438598759558613965E+05   -0.846713439436941826E+03    0.479294748474738299E+04    0.500996164644300006E+05    0.502715129177207018E+04   -0.593864424409802632E+04    0.753676816280347120E+05   -0.379568836058300303E+04   -0.703510975009646427E+04
    0.151071540601411831E-77    0.570200303134431033E+04    0.956702397242902336E+01   -0.233897790631795317E+02    0.109831250038182754E+00    0.567108093523122079E+05   -0.231510725197409238E+04    0.617902937626810217E+04    0.682504026292719791E+05    0.808333645297219664E+04   -0.286078050113332574E+04    0.604396735392195187E+05   -0.172775171218156811E+04   -0.204076484951287875E+04
    0.400168650738427877E-96    0.578755299971476416E+04    0.974270019539245524E+01   -0.233333024300959977E+02    0.104886233229428735E+00    0.754849123726485996E+05   -0.226254428264956096E+04    0.893037898968546870E+04    0.636673085541994660E+05    0.516727405586411578E+03   -0.610681620096733241E+04    0.687227166549864342E+05   -0.354025368070787226E+04   -0.712770548139501079E+04
