                     NaN  0.397488776361830E-315  0.692300070855915E-309  0.692293317305410E-309  0.692299805359464E-309  0.692293317206044E-309  0.692293475030453E-309  0.692299780029469E-309  0.692293317306675E-309  0.692293317306991E-309  0.692293317206755E-309  0.692293317307307E-309  0.692293317307624E-309
                     NaN  0.388359154681213E-315  0.400439652600807E-315  0.601346953217378E-153  0.611442241100129E-153  0.119636339664821E-152  0.106093150729299E-069  0.131544894115664E-258  0.735876460769070E+224  0.364460955553662E-085  0.601347001855451E-153  0.601347155750193E-153  0.765710141927160E-095
                     NaN  0.388359154681213E-315  0.400439652600807E-315  0.601346953217378E-153  0.611442241100129E-153  0.119636339664821E-152  0.106093150729299E-069  0.131544894115664E-258  0.735876460769070E+224  0.364460955553662E-085  0.601347001855451E-153  0.601347155750193E-153  0.765710141927160E-095
                     NaN  0.388359154681213E-315  0.400439652600807E-315  0.601346953217378E-153  0.611442241100129E-153  0.119636339664821E-152  0.106093150729299E-069  0.131544894115664E-258  0.735876460769070E+224  0.364460955553662E-085  0.601347001855451E-153  0.601347155750193E-153  0.765710141927160E-095
                     NaN  0.388359154681213E-315  0.400439652600807E-315  0.601346953217378E-153  0.611442241100129E-153  0.119636339664821E-152  0.106093150729299E-069  0.131544894115664E-258  0.735876460769070E+224  0.364460955553662E-085  0.601347001855451E-153  0.601347155750193E-153  0.765710141927160E-095
                     NaN  0.388359154681213E-315  0.400439652600807E-315  0.601346953217378E-153  0.611442241100129E-153  0.119636339664821E-152  0.106093150729299E-069  0.131544894115664E-258  0.735876460769070E+224  0.364460955553662E-085  0.601347001855451E-153  0.601347155750193E-153  0.765710141927160E-095
                     NaN  0.388359154681213E-315  0.400439652600807E-315  0.601346953217378E-153  0.611442241100129E-153  0.119636339664821E-152  0.106093150729299E-069  0.131544894115664E-258  0.735876460769070E+224  0.364460955553662E-085  0.601347001855451E-153  0.601347155750193E-153  0.765710141927160E-095
                     NaN  0.388359154681213E-315  0.400439652600807E-315  0.601346953217378E-153  0.611442241100129E-153  0.119636339664821E-152  0.106093150729299E-069  0.131544894115664E-258  0.735876460769070E+224  0.364460955553662E-085  0.601347001855451E-153  0.601347155750193E-153  0.765710141927160E-095
                     NaN  0.388359154681213E-315  0.400439652600807E-315  0.601346953217378E-153  0.611442241100129E-153  0.119636339664821E-152  0.106093150729299E-069  0.131544894115664E-258  0.735876460769070E+224  0.364460955553662E-085  0.601347001855451E-153  0.601347155750193E-153  0.765710141927160E-095
                     NaN  0.388359154681213E-315  0.400439652600807E-315  0.601346953217378E-153  0.611442241100129E-153  0.119636339664821E-152  0.106093150729299E-069  0.131544894115664E-258  0.735876460769070E+224  0.364460955553662E-085  0.601347001855451E-153  0.601347155750193E-153  0.765710141927160E-095
                     NaN  0.388359154681213E-315  0.400439652600807E-315  0.601346953217378E-153  0.611442241100129E-153  0.119636339664821E-152  0.106093150729299E-069  0.131544894115664E-258  0.735876460769070E+224  0.364460955553662E-085  0.601347001855451E-153  0.601347155750193E-153  0.765710141927160E-095
                     NaN  0.388359154681213E-315  0.400439652600807E-315  0.601346953217378E-153  0.611442241100129E-153  0.119636339664821E-152  0.106093150729299E-069  0.131544894115664E-258  0.735876460769070E+224  0.364460955553662E-085  0.601347001855451E-153  0.601347155750193E-153  0.765710141927160E-095
                     NaN  0.388359154681213E-315  0.400439652600807E-315  0.601346953217378E-153  0.611442241100129E-153  0.119636339664821E-152  0.106093150729299E-069  0.131544894115664E-258  0.735876460769070E+224  0.364460955553662E-085  0.601347001855451E-153  0.601347155750193E-153  0.765710141927160E-095
                     NaN  0.388359154681213E-315  0.400439652600807E-315  0.601346953217378E-153  0.611442241100129E-153  0.119636339664821E-152  0.106093150729299E-069  0.131544894115664E-258  0.735876460769070E+224  0.364460955553662E-085  0.601347001855451E-153  0.601347155750193E-153  0.765710141927160E-095
                     NaN  0.388359154681213E-315  0.400439652600807E-315  0.601346953217378E-153  0.611442241100129E-153  0.119636339664821E-152  0.106093150729299E-069  0.131544894115664E-258  0.735876460769070E+224  0.364460955553662E-085  0.601347001855451E-153  0.601347155750193E-153  0.765710141927160E-095
                     NaN  0.388359154681213E-315  0.400439652600807E-315  0.601346953217378E-153  0.611442241100129E-153  0.119636339664821E-152  0.106093150729299E-069  0.131544894115664E-258  0.735876460769070E+224  0.364460955553662E-085  0.601347001855451E-153  0.601347155750193E-153  0.765710141927160E-095
                     NaN  0.388359154681213E-315  0.400439652600807E-315  0.601346953217378E-153  0.611442241100129E-153  0.119636339664821E-152  0.106093150729299E-069  0.131544894115664E-258  0.735876460769070E+224  0.364460955553662E-085  0.601347001855451E-153  0.601347155750193E-153  0.765710141927160E-095
                     NaN  0.388359154681213E-315  0.400439652600807E-315  0.601346953217378E-153  0.611442241100129E-153  0.119636339664821E-152  0.106093150729299E-069  0.131544894115664E-258  0.735876460769070E+224  0.364460955553662E-085  0.601347001855451E-153  0.601347155750193E-153  0.765710141927160E-095
                     NaN  0.388359154681213E-315  0.400439652600807E-315  0.601346953217378E-153  0.611442241100129E-153  0.119636339664821E-152  0.106093150729299E-069  0.131544894115664E-258  0.735876460769070E+224  0.364460955553662E-085  0.601347001855451E-153  0.601347155750193E-153  0.765710141927160E-095
                     NaN  0.388359154681213E-315  0.400439652600807E-315  0.601346953217378E-153  0.611442241100129E-153  0.119636339664821E-152  0.106093150729299E-069  0.131544894115664E-258  0.735876460769070E+224  0.364460955553662E-085  0.601347001855451E-153  0.601347155750193E-153  0.765710141927160E-095
                     NaN  0.388359154681213E-315  0.400439652600807E-315  0.601346953217378E-153  0.611442241100129E-153  0.119636339664821E-152  0.106093150729299E-069  0.131544894115664E-258  0.735876460769070E+224  0.364460955553662E-085  0.601347001855451E-153  0.601347155750193E-153  0.765710141927160E-095
                     NaN  0.388359154681213E-315  0.400439652600807E-315  0.601346953217378E-153  0.611442241100129E-153  0.119636339664821E-152  0.106093150729299E-069  0.131544894115664E-258  0.735876460769070E+224  0.364460955553662E-085  0.601347001855451E-153  0.601347155750193E-153  0.765710141927160E-095
                     NaN  0.388359154681213E-315  0.400439652600807E-315  0.601346953217378E-153  0.611442241100129E-153  0.119636339664821E-152  0.106093150729299E-069  0.131544894115664E-258  0.735876460769070E+224  0.364460955553662E-085  0.601347001855451E-153  0.601347155750193E-153  0.765710141927160E-095
                     NaN  0.388359154681213E-315  0.400439652600807E-315  0.601346953217378E-153  0.611442241100129E-153  0.119636339664821E-152  0.106093150729299E-069  0.131544894115664E-258  0.735876460769070E+224  0.364460955553662E-085  0.601347001855451E-153  0.601347155750193E-153  0.765710141927160E-095
                     NaN  0.388359154681213E-315  0.400439652600807E-315  0.601346953217378E-153  0.611442241100129E-153  0.119636339664821E-152  0.106093150729299E-069  0.131544894115664E-258  0.735876460769070E+224  0.364460955553662E-085  0.601347001855451E-153  0.601347155750193E-153  0.765710141927160E-095
                     NaN  0.388359154681213E-315  0.400439652600807E-315  0.601346953217378E-153  0.611442241100129E-153  0.119636339664821E-152  0.106093150729299E-069  0.131544894115664E-258  0.735876460769070E+224  0.364460955553662E-085  0.601347001855451E-153  0.601347155750193E-153  0.765710141927160E-095
                     NaN  0.388359154681213E-315  0.400439652600807E-315  0.601346953217378E-153  0.611442241100129E-153  0.119636339664821E-152  0.106093150729299E-069  0.131544894115664E-258  0.735876460769070E+224  0.364460955553662E-085  0.601347001855451E-153  0.601347155750193E-153  0.765710141927160E-095
                     NaN  0.388359154681213E-315  0.400439652600807E-315  0.601346953217378E-153  0.611442241100129E-153  0.119636339664821E-152  0.106093150729299E-069  0.131544894115664E-258  0.735876460769070E+224  0.364460955553662E-085  0.601347001855451E-153  0.601347155750193E-153  0.765710141927160E-095
                     NaN  0.388359154681213E-315  0.400439652600807E-315  0.601346953217378E-153  0.611442241100129E-153  0.119636339664821E-152  0.106093150729299E-069  0.131544894115664E-258  0.735876460769070E+224  0.364460955553662E-085  0.601347001855451E-153  0.601347155750193E-153  0.765710141927160E-095
                     NaN  0.388359154681213E-315  0.400439652600807E-315  0.601346953217378E-153  0.611442241100129E-153  0.119636339664821E-152  0.106093150729299E-069  0.131544894115664E-258  0.735876460769070E+224  0.364460955553662E-085  0.601347001855451E-153  0.601347155750193E-153  0.765710141927160E-095
                     NaN  0.388359154681213E-315  0.400439652600807E-315  0.601346953217378E-153  0.611442241100129E-153  0.119636339664821E-152  0.106093150729299E-069  0.131544894115664E-258  0.735876460769070E+224  0.364460955553662E-085  0.601347001855451E-153  0.601347155750193E-153  0.765710141927160E-095
                     NaN  0.388359154681213E-315  0.400439652600807E-315  0.601346953217378E-153  0.611442241100129E-153  0.119636339664821E-152  0.106093150729299E-069  0.131544894115664E-258  0.735876460769070E+224  0.364460955553662E-085  0.601347001855451E-153  0.601347155750193E-153  0.765710141927160E-095
                     NaN  0.388359154681213E-315  0.400439652600807E-315  0.601346953217378E-153  0.611442241100129E-153  0.119636339664821E-152  0.106093150729299E-069  0.131544894115664E-258  0.735876460769070E+224  0.364460955553662E-085  0.601347001855451E-153  0.601347155750193E-153  0.765710141927160E-095
                     NaN  0.388359154681213E-315  0.400439652600807E-315  0.601346953217378E-153  0.611442241100129E-153  0.119636339664821E-152  0.106093150729299E-069  0.131544894115664E-258  0.735876460769070E+224  0.364460955553662E-085  0.601347001855451E-153  0.601347155750193E-153  0.765710141927160E-095
                     NaN  0.388359154681213E-315  0.400439652600807E-315  0.601346953217378E-153  0.611442241100129E-153  0.119636339664821E-152  0.106093150729299E-069  0.131544894115664E-258  0.735876460769070E+224  0.364460955553662E-085  0.601347001855451E-153  0.601347155750193E-153  0.765710141927160E-095
                     NaN  0.388359154681213E-315  0.400439652600807E-315  0.601346953217378E-153  0.611442241100129E-153  0.119636339664821E-152  0.106093150729299E-069  0.131544894115664E-258  0.735876460769070E+224  0.364460955553662E-085  0.601347001855451E-153  0.601347155750193E-153  0.765710141927160E-095
                     NaN  0.388359154681213E-315  0.400439652600807E-315  0.601346953217378E-153  0.611442241100129E-153  0.119636339664821E-152  0.106093150729299E-069  0.131544894115664E-258  0.735876460769070E+224  0.364460955553662E-085  0.601347001855451E-153  0.601347155750193E-153  0.765710141927160E-095
                     NaN  0.388359154681213E-315  0.400439652600807E-315  0.601346953217378E-153  0.611442241100129E-153  0.119636339664821E-152  0.106093150729299E-069  0.131544894115664E-258  0.735876460769070E+224  0.364460955553662E-085  0.601347001855451E-153  0.601347155750193E-153  0.765710141927160E-095
                     NaN  0.388359154681213E-315  0.400439652600807E-315  0.601346953217378E-153  0.611442241100129E-153  0.119636339664821E-152  0.106093150729299E-069  0.131544894115664E-258  0.735876460769070E+224  0.364460955553662E-085  0.601347001855451E-153  0.601347155750193E-153  0.765710141927160E-095
                     NaN  0.388359154681213E-315  0.400439652600807E-315  0.601346953217378E-153  0.611442241100129E-153  0.119636339664821E-152  0.106093150729299E-069  0.131544894115664E-258  0.735876460769070E+224  0.364460955553662E-085  0.601347001855451E-153  0.601347155750193E-153  0.765710141927160E-095
                     NaN  0.388359154681213E-315  0.400439652600807E-315  0.601346953217378E-153  0.611442241100129E-153  0.119636339664821E-152  0.106093150729299E-069  0.131544894115664E-258  0.735876460769070E+224  0.364460955553662E-085  0.601347001855451E-153  0.601347155750193E-153  0.765710141927160E-095
                     NaN  0.388359154681213E-315  0.400439652600807E-315  0.601346953217378E-153  0.611442241100129E-153  0.119636339664821E-152  0.106093150729299E-069  0.131544894115664E-258  0.735876460769070E+224  0.364460955553662E-085  0.601347001855451E-153  0.601347155750193E-153  0.765710141927160E-095
                     NaN  0.388359154681213E-315  0.400439652600807E-315  0.601346953217378E-153  0.611442241100129E-153  0.119636339664821E-152  0.106093150729299E-069  0.131544894115664E-258  0.735876460769070E+224  0.364460955553662E-085  0.601347001855451E-153  0.601347155750193E-153  0.765710141927160E-095
                     NaN  0.388359154681213E-315  0.400439652600807E-315  0.601346953217378E-153  0.611442241100129E-153  0.119636339664821E-152  0.106093150729299E-069  0.131544894115664E-258  0.735876460769070E+224  0.364460955553662E-085  0.601347001855451E-153  0.601347155750193E-153  0.765710141927160E-095
                     NaN  0.388359154681213E-315  0.400439652600807E-315  0.601346953217378E-153  0.611442241100129E-153  0.119636339664821E-152  0.106093150729299E-069  0.131544894115664E-258  0.735876460769070E+224  0.364460955553662E-085  0.601347001855451E-153  0.601347155750193E-153  0.765710141927160E-095
                     NaN  0.388359154681213E-315  0.400439652600807E-315  0.601346953217378E-153  0.611442241100129E-153  0.119636339664821E-152  0.106093150729299E-069  0.131544894115664E-258  0.735876460769070E+224  0.364460955553662E-085  0.601347001855451E-153  0.601347155750193E-153  0.765710141927160E-095
                     NaN  0.388359154681213E-315  0.400439652600807E-315  0.601346953217378E-153  0.611442241100129E-153  0.119636339664821E-152  0.106093150729299E-069  0.131544894115664E-258  0.735876460769070E+224  0.364460955553662E-085  0.601347001855451E-153  0.601347155750193E-153  0.765710141927160E-095
                     NaN  0.388359154681213E-315  0.400439652600807E-315  0.601346953217378E-153  0.611442241100129E-153  0.119636339664821E-152  0.106093150729299E-069  0.131544894115664E-258  0.735876460769070E+224  0.364460955553662E-085  0.601347001855451E-153  0.601347155750193E-153  0.765710141927160E-095
                     NaN  0.388359154681213E-315  0.400439652600807E-315  0.601346953217378E-153  0.611442241100129E-153  0.119636339664821E-152  0.106093150729299E-069  0.131544894115664E-258  0.735876460769070E+224  0.364460955553662E-085  0.601347001855451E-153  0.601347155750193E-153  0.765710141927160E-095
                     NaN  0.388359154681213E-315  0.400439652600807E-315  0.601346953217378E-153  0.611442241100129E-153  0.119636339664821E-152  0.106093150729299E-069  0.131544894115664E-258  0.735876460769070E+224  0.364460955553662E-085  0.601347001855451E-153  0.601347155750193E-153  0.765710141927160E-095
                     NaN  0.388359154681213E-315  0.400439652600807E-315  0.601346953217378E-153  0.611442241100129E-153  0.119636339664821E-152  0.106093150729299E-069  0.131544894115664E-258  0.735876460769070E+224  0.364460955553662E-085  0.601347001855451E-153  0.601347155750193E-153  0.765710141927160E-095
                     NaN  0.388359154681213E-315  0.400439652600807E-315  0.601346953217378E-153  0.611442241100129E-153  0.119636339664821E-152  0.106093150729299E-069  0.131544894115664E-258  0.735876460769070E+224  0.364460955553662E-085  0.601347001855451E-153  0.601347155750193E-153  0.765710141927160E-095
                     NaN  0.388359154681213E-315  0.400439652600807E-315  0.601346953217378E-153  0.611442241100129E-153  0.119636339664821E-152  0.106093150729299E-069  0.131544894115664E-258  0.735876460769070E+224  0.364460955553662E-085  0.601347001855451E-153  0.601347155750193E-153  0.765710141927160E-095
                     NaN  0.388359154681213E-315  0.400439652600807E-315  0.601346953217378E-153  0.611442241100129E-153  0.119636339664821E-152  0.106093150729299E-069  0.131544894115664E-258  0.735876460769070E+224  0.364460955553662E-085  0.601347001855451E-153  0.601347155750193E-153  0.765710141927160E-095
                     NaN  0.388359154681213E-315  0.400439652600807E-315  0.601346953217378E-153  0.611442241100129E-153  0.119636339664821E-152  0.106093150729299E-069  0.131544894115664E-258  0.735876460769070E+224  0.364460955553662E-085  0.601347001855451E-153  0.601347155750193E-153  0.765710141927160E-095
                     NaN  0.388359154681213E-315  0.400439652600807E-315  0.601346953217378E-153  0.611442241100129E-153  0.119636339664821E-152  0.106093150729299E-069  0.131544894115664E-258  0.735876460769070E+224  0.364460955553662E-085  0.601347001855451E-153  0.601347155750193E-153  0.765710141927160E-095
                     NaN  0.388359154681213E-315  0.400439652600807E-315  0.601346953217378E-153  0.611442241100129E-153  0.119636339664821E-152  0.106093150729299E-069  0.131544894115664E-258  0.735876460769070E+224  0.364460955553662E-085  0.601347001855451E-153  0.601347155750193E-153  0.765710141927160E-095
                     NaN  0.388359154681213E-315  0.400439652600807E-315  0.601346953217378E-153  0.611442241100129E-153  0.119636339664821E-152  0.106093150729299E-069  0.131544894115664E-258  0.735876460769070E+224  0.364460955553662E-085  0.601347001855451E-153  0.601347155750193E-153  0.765710141927160E-095
                     NaN  0.388359154681213E-315  0.400439652600807E-315  0.601346953217378E-153  0.611442241100129E-153  0.119636339664821E-152  0.106093150729299E-069  0.131544894115664E-258  0.735876460769070E+224  0.364460955553662E-085  0.601347001855451E-153  0.601347155750193E-153  0.765710141927160E-095
                     NaN  0.388359154681213E-315  0.400439652600807E-315  0.601346953217378E-153  0.611442241100129E-153  0.119636339664821E-152  0.106093150729299E-069  0.131544894115664E-258  0.735876460769070E+224  0.364460955553662E-085  0.601347001855451E-153  0.601347155750193E-153  0.765710141927160E-095
                     NaN  0.388359154681213E-315  0.400439652600807E-315  0.601346953217378E-153  0.611442241100129E-153  0.119636339664821E-152  0.106093150729299E-069  0.131544894115664E-258  0.735876460769070E+224  0.364460955553662E-085  0.601347001855451E-153  0.601347155750193E-153  0.765710141927160E-095
                     NaN  0.388359154681213E-315  0.400439652600807E-315  0.601346953217378E-153  0.611442241100129E-153  0.119636339664821E-152  0.106093150729299E-069  0.131544894115664E-258  0.735876460769070E+224  0.364460955553662E-085  0.601347001855451E-153  0.601347155750193E-153  0.765710141927160E-095
                     NaN  0.388359154681213E-315  0.400439652600807E-315  0.601346953217378E-153  0.611442241100129E-153  0.119636339664821E-152  0.106093150729299E-069  0.131544894115664E-258  0.735876460769070E+224  0.364460955553662E-085  0.601347001855451E-153  0.601347155750193E-153  0.765710141927160E-095
                     NaN  0.388359154681213E-315  0.400439652600807E-315  0.601346953217378E-153  0.611442241100129E-153  0.119636339664821E-152  0.106093150729299E-069  0.131544894115664E-258  0.735876460769070E+224  0.364460955553662E-085  0.601347001855451E-153  0.601347155750193E-153  0.765710141927160E-095
                     NaN  0.388359154681213E-315  0.400439652600807E-315  0.601346953217378E-153  0.611442241100129E-153  0.119636339664821E-152  0.106093150729299E-069  0.131544894115664E-258  0.735876460769070E+224  0.364460955553662E-085  0.601347001855451E-153  0.601347155750193E-153  0.765710141927160E-095
                     NaN  0.388359154681213E-315  0.400439652600807E-315  0.601346953217378E-153  0.611442241100129E-153  0.119636339664821E-152  0.106093150729299E-069  0.131544894115664E-258  0.735876460769070E+224  0.364460955553662E-085  0.601347001855451E-153  0.601347155750193E-153  0.765710141927160E-095
                     NaN  0.388359154681213E-315  0.400439652600807E-315  0.601346953217378E-153  0.611442241100129E-153  0.119636339664821E-152  0.106093150729299E-069  0.131544894115664E-258  0.735876460769070E+224  0.364460955553662E-085  0.601347001855451E-153  0.601347155750193E-153  0.765710141927160E-095
                     NaN  0.388359154681213E-315  0.400439652600807E-315  0.601346953217378E-153  0.611442241100129E-153  0.119636339664821E-152  0.106093150729299E-069  0.131544894115664E-258  0.735876460769070E+224  0.364460955553662E-085  0.601347001855451E-153  0.601347155750193E-153  0.765710141927160E-095
                     NaN  0.388359154681213E-315  0.400439652600807E-315  0.601346953217378E-153  0.611442241100129E-153  0.119636339664821E-152  0.106093150729299E-069  0.131544894115664E-258  0.735876460769070E+224  0.364460955553662E-085  0.601347001855451E-153  0.601347155750193E-153  0.765710141927160E-095
                     NaN  0.388359154681213E-315  0.400439652600807E-315  0.601346953217378E-153  0.611442241100129E-153  0.119636339664821E-152  0.106093150729299E-069  0.131544894115664E-258  0.735876460769070E+224  0.364460955553662E-085  0.601347001855451E-153  0.601347155750193E-153  0.765710141927160E-095
                     NaN  0.388359154681213E-315  0.400439652600807E-315  0.601346953217378E-153  0.611442241100129E-153  0.119636339664821E-152  0.106093150729299E-069  0.131544894115664E-258  0.735876460769070E+224  0.364460955553662E-085  0.601347001855451E-153  0.601347155750193E-153  0.765710141927160E-095
                     NaN  0.388359154681213E-315  0.400439652600807E-315  0.601346953217378E-153  0.611442241100129E-153  0.119636339664821E-152  0.106093150729299E-069  0.131544894115664E-258  0.735876460769070E+224  0.364460955553662E-085  0.601347001855451E-153  0.601347155750193E-153  0.765710141927160E-095
                     NaN  0.388359154681213E-315  0.400439652600807E-315  0.601346953217378E-153  0.611442241100129E-153  0.119636339664821E-152  0.106093150729299E-069  0.131544894115664E-258  0.735876460769070E+224  0.364460955553662E-085  0.601347001855451E-153  0.601347155750193E-153  0.765710141927160E-095
                     NaN  0.388359154681213E-315  0.400439652600807E-315  0.601346953217378E-153  0.611442241100129E-153  0.119636339664821E-152  0.106093150729299E-069  0.131544894115664E-258  0.735876460769070E+224  0.364460955553662E-085  0.601347001855451E-153  0.601347155750193E-153  0.765710141927160E-095
                     NaN  0.388359154681213E-315  0.400439652600807E-315  0.601346953217378E-153  0.611442241100129E-153  0.119636339664821E-152  0.106093150729299E-069  0.131544894115664E-258  0.735876460769070E+224  0.364460955553662E-085  0.601347001855451E-153  0.601347155750193E-153  0.765710141927160E-095
                     NaN  0.388359154681213E-315  0.400439652600807E-315  0.601346953217378E-153  0.611442241100129E-153  0.119636339664821E-152  0.106093150729299E-069  0.131544894115664E-258  0.735876460769070E+224  0.364460955553662E-085  0.601347001855451E-153  0.601347155750193E-153  0.765710141927160E-095
                     NaN  0.388359154681213E-315  0.400439652600807E-315  0.601346953217378E-153  0.611442241100129E-153  0.119636339664821E-152  0.106093150729299E-069  0.131544894115664E-258  0.735876460769070E+224  0.364460955553662E-085  0.601347001855451E-153  0.601347155750193E-153  0.765710141927160E-095
                     NaN  0.388359154681213E-315  0.400439652600807E-315  0.601346953217378E-153  0.611442241100129E-153  0.119636339664821E-152  0.106093150729299E-069  0.131544894115664E-258  0.735876460769070E+224  0.364460955553662E-085  0.601347001855451E-153  0.601347155750193E-153  0.765710141927160E-095
                     NaN  0.388359154681213E-315  0.400439652600807E-315  0.601346953217378E-153  0.611442241100129E-153  0.119636339664821E-152  0.106093150729299E-069  0.131544894115664E-258  0.735876460769070E+224  0.364460955553662E-085  0.601347001855451E-153  0.601347155750193E-153  0.765710141927160E-095
                     NaN  0.388359154681213E-315  0.400439652600807E-315  0.601346953217378E-153  0.611442241100129E-153  0.119636339664821E-152  0.106093150729299E-069  0.131544894115664E-258  0.735876460769070E+224  0.364460955553662E-085  0.601347001855451E-153  0.601347155750193E-153  0.765710141927160E-095
                     NaN  0.388359154681213E-315  0.400439652600807E-315  0.601346953217378E-153  0.611442241100129E-153  0.119636339664821E-152  0.106093150729299E-069  0.131544894115664E-258  0.735876460769070E+224  0.364460955553662E-085  0.601347001855451E-153  0.601347155750193E-153  0.765710141927160E-095
                     NaN  0.388359154681213E-315  0.400439652600807E-315  0.601346953217378E-153  0.611442241100129E-153  0.119636339664821E-152  0.106093150729299E-069  0.131544894115664E-258  0.735876460769070E+224  0.364460955553662E-085  0.601347001855451E-153  0.601347155750193E-153  0.765710141927160E-095
                     NaN  0.388359154681213E-315  0.400439652600807E-315  0.601346953217378E-153  0.611442241100129E-153  0.119636339664821E-152  0.106093150729299E-069  0.131544894115664E-258  0.735876460769070E+224  0.364460955553662E-085  0.601347001855451E-153  0.601347155750193E-153  0.765710141927160E-095
                     NaN  0.388359154681213E-315  0.400439652600807E-315  0.601346953217378E-153  0.611442241100129E-153  0.119636339664821E-152  0.106093150729299E-069  0.131544894115664E-258  0.735876460769070E+224  0.364460955553662E-085  0.601347001855451E-153  0.601347155750193E-153  0.765710141927160E-095
                     NaN  0.388359154681213E-315  0.400439652600807E-315  0.601346953217378E-153  0.611442241100129E-153  0.119636339664821E-152  0.106093150729299E-069  0.131544894115664E-258  0.735876460769070E+224  0.364460955553662E-085  0.601347001855451E-153  0.601347155750193E-153  0.765710141927160E-095
                     NaN  0.388359154681213E-315  0.400439652600807E-315  0.601346953217378E-153  0.611442241100129E-153  0.119636339664821E-152  0.106093150729299E-069  0.131544894115664E-258  0.735876460769070E+224  0.364460955553662E-085  0.601347001855451E-153  0.601347155750193E-153  0.765710141927160E-095
                     NaN  0.388359154681213E-315  0.400439652600807E-315  0.601346953217378E-153  0.611442241100129E-153  0.119636339664821E-152  0.106093150729299E-069  0.131544894115664E-258  0.735876460769070E+224  0.364460955553662E-085  0.601347001855451E-153  0.601347155750193E-153  0.765710141927160E-095
                     NaN  0.388359154681213E-315  0.400439652600807E-315  0.601346953217378E-153  0.611442241100129E-153  0.119636339664821E-152  0.106093150729299E-069  0.131544894115664E-258  0.735876460769070E+224  0.364460955553662E-085  0.601347001855451E-153  0.601347155750193E-153  0.765710141927160E-095
                     NaN  0.388359154681213E-315  0.400439652600807E-315  0.601346953217378E-153  0.611442241100129E-153  0.119636339664821E-152  0.106093150729299E-069  0.131544894115664E-258  0.735876460769070E+224  0.364460955553662E-085  0.601347001855451E-153  0.601347155750193E-153  0.765710141927160E-095
                     NaN  0.388359154681213E-315  0.400439652600807E-315  0.601346953217378E-153  0.611442241100129E-153  0.119636339664821E-152  0.106093150729299E-069  0.131544894115664E-258  0.735876460769070E+224  0.364460955553662E-085  0.601347001855451E-153  0.601347155750193E-153  0.765710141927160E-095
                     NaN  0.388359154681213E-315  0.400439652600807E-315  0.601346953217378E-153  0.611442241100129E-153  0.119636339664821E-152  0.106093150729299E-069  0.131544894115664E-258  0.735876460769070E+224  0.364460955553662E-085  0.601347001855451E-153  0.601347155750193E-153  0.765710141927160E-095
                     NaN  0.388359154681213E-315  0.400439652600807E-315  0.601346953217378E-153  0.611442241100129E-153  0.119636339664821E-152  0.106093150729299E-069  0.131544894115664E-258  0.735876460769070E+224  0.364460955553662E-085  0.601347001855451E-153  0.601347155750193E-153  0.765710141927160E-095
                     NaN  0.388359154681213E-315  0.400439652600807E-315  0.601346953217378E-153  0.611442241100129E-153  0.119636339664821E-152  0.106093150729299E-069  0.131544894115664E-258  0.735876460769070E+224  0.364460955553662E-085  0.601347001855451E-153  0.601347155750193E-153  0.765710141927160E-095
                     NaN  0.388359154681213E-315  0.400439652600807E-315  0.601346953217378E-153  0.611442241100129E-153  0.119636339664821E-152  0.106093150729299E-069  0.131544894115664E-258  0.735876460769070E+224  0.364460955553662E-085  0.601347001855451E-153  0.601347155750193E-153  0.765710141927160E-095
                     NaN  0.388359154681213E-315  0.400439652600807E-315  0.601346953217378E-153  0.611442241100129E-153  0.119636339664821E-152  0.106093150729299E-069  0.131544894115664E-258  0.735876460769070E+224  0.364460955553662E-085  0.601347001855451E-153  0.601347155750193E-153  0.765710141927160E-095
                     NaN  0.388359154681213E-315  0.400439652600807E-315  0.601346953217378E-153  0.611442241100129E-153  0.119636339664821E-152  0.106093150729299E-069  0.131544894115664E-258  0.735876460769070E+224  0.364460955553662E-085  0.601347001855451E-153  0.601347155750193E-153  0.765710141927160E-095
                     NaN  0.388359154681213E-315  0.400439652600807E-315  0.601346953217378E-153  0.611442241100129E-153  0.119636339664821E-152  0.106093150729299E-069  0.131544894115664E-258  0.735876460769070E+224  0.364460955553662E-085  0.601347001855451E-153  0.601347155750193E-153  0.765710141927160E-095
                     NaN  0.388359154681213E-315  0.400439652600807E-315  0.601346953217378E-153  0.611442241100129E-153  0.119636339664821E-152  0.106093150729299E-069  0.131544894115664E-258  0.735876460769070E+224  0.364460955553662E-085  0.601347001855451E-153  0.601347155750193E-153  0.765710141927160E-095
                     NaN  0.388359154681213E-315  0.400439652600807E-315  0.601346953217378E-153  0.611442241100129E-153  0.119636339664821E-152  0.106093150729299E-069  0.131544894115664E-258  0.735876460769070E+224  0.364460955553662E-085  0.601347001855451E-153  0.601347155750193E-153  0.765710141927160E-095
                     NaN  0.388359154681213E-315  0.400439652600807E-315  0.601346953217378E-153  0.611442241100129E-153  0.119636339664821E-152  0.106093150729299E-069  0.131544894115664E-258  0.735876460769070E+224  0.364460955553662E-085  0.601347001855451E-153  0.601347155750193E-153  0.765710141927160E-095
